101.666666667
100.0
100.0
114.166666667
130.0
131.666666667
135.0
145.0
140.833333333
131.666666667
132.5
137.5
135.833333333
127.5
127.5
127.5
127.5
128.333333333
132.5
132.5
132.5
144.166666667
144.166666667
95.0
90.0
146.666666667
146.666666667
145.833333333
145.833333333
148.333333333
149.166666667
150.0
150.0
150.0
150.833333333
150.0
150.0
150.0
150.0
149.166666667
148.333333333
147.5
146.666666667
145.833333333
146.666666667
145.833333333
145.0
136.666666667
137.5
131.666666667
130.0
131.666666667
125.833333333
126.666666667
127.5
127.5
120.833333333
124.166666667
117.5
117.5
115.0
113.333333333
113.333333333
112.5
112.5
111.666666667
111.666666667
111.666666667
111.666666667
111.666666667
111.666666667
112.5
112.5
111.666666667
112.5
112.5
112.5
112.5
112.5
113.333333333
114.166666667
114.166666667
114.166666667
114.166666667
114.166666667
114.166666667
114.166666667
114.166666667
115.0
115.833333333
115.833333333
116.666666667
116.666666667
119.166666667
119.166666667
119.166666667
119.166666667
119.166666667
120.0
119.166666667
119.166666667
119.166666667
119.166666667
118.333333333
118.333333333
118.333333333
117.5
117.5
117.5
117.5
117.5
117.5
117.5
117.5
116.666666667
116.666666667
116.666666667
116.666666667
116.666666667
115.833333333
116.666666667
115.833333333
115.833333333
115.833333333
115.0
115.0
114.166666667
114.166666667
114.166666667
114.166666667
114.166666667
114.166666667
114.166666667
114.166666667
113.333333333
114.166666667
114.166666667
114.166666667
114.166666667
113.333333333
113.333333333
113.333333333
113.333333333
114.166666667
115.0
115.0
115.0
115.833333333
115.833333333
116.666666667
116.666666667
117.5
117.5
119.166666667
119.166666667
119.166666667
119.166666667
120.0
120.0
120.0
120.833333333
121.666666667
122.5
123.333333333
124.166666667
124.166666667
125.0
125.833333333
125.833333333
126.666666667
126.666666667
127.5
127.5
128.333333333
129.166666667
129.166666667
130.0
130.833333333
130.833333333
131.666666667
132.5
132.5
132.5
132.5
133.333333333
133.333333333
133.333333333
133.333333333
133.333333333
133.333333333
133.333333333
133.333333333
133.333333333
133.333333333
133.333333333
133.333333333
133.333333333
133.333333333
133.333333333
133.333333333
133.333333333
133.333333333
133.333333333
134.166666667
134.166666667
134.166666667
135.0
135.0
135.833333333
136.666666667
137.5
138.333333333
138.333333333
139.166666667
140.0
140.833333333
141.666666667
142.5
144.166666667
148.333333333
160.833333333
161.666666667
160.0
160.0
150.833333333
149.166666667
154.166666667
156.666666667
150.0
147.5
146.666666667
146.666666667
145.833333333
145.0
145.0
144.166666667
142.5
141.666666667
141.666666667
140.833333333
140.0
139.166666667
139.166666667
138.333333333
137.5
137.5
136.666666667
135.833333333
135.0
135.0
135.0
134.166666667
134.166666667
133.333333333
132.5
132.5
132.5
131.666666667
131.666666667
130.833333333
130.833333333
130.0
129.166666667
127.5
126.666666667
125.833333333
124.166666667
123.333333333
122.5
121.666666667
120.833333333
120.833333333
120.833333333
120.0
120.0
119.166666667
119.166666667
118.333333333
118.333333333
117.5
117.5
117.5
116.666666667
116.666666667
116.666666667
116.666666667
115.833333333
115.833333333
115.833333333
115.833333333
115.833333333
115.833333333
115.833333333
116.666666667
116.666666667
116.666666667
116.666666667
116.666666667
116.666666667
117.5
117.5
117.5
118.333333333
118.333333333
118.333333333
119.166666667
119.166666667
120.0
120.0
120.833333333
120.833333333
121.666666667
122.5
123.333333333
123.333333333
124.166666667
124.166666667
125.0
125.833333333
125.833333333
126.666666667
127.5
127.5
128.333333333
129.166666667
129.166666667
130.0
130.0
130.833333333
130.833333333
131.666666667
132.5
133.333333333
133.333333333
134.166666667
135.0
135.833333333
136.666666667
136.666666667
138.333333333
139.166666667
140.0
140.833333333
141.666666667
143.333333333
144.166666667
145.833333333
146.666666667
147.5
148.333333333
150.0
150.833333333
151.666666667
151.666666667
151.666666667
151.666666667
152.5
153.333333333
154.166666667
155.833333333
156.666666667
157.5
160.0
160.0
161.666666667
161.666666667
163.333333333
164.166666667
165.0
166.666666667
167.5
169.166666667
170.833333333
175.0
179.166666667
180.0
179.166666667
180.833333333
179.166666667
180.0
181.666666667
185.0
183.333333333
184.166666667
185.833333333
194.166666667
195.0
203.333333333
207.5
215.0
215.0
210.0
207.5
213.333333333
217.5
219.166666667
220.0
221.666666667
222.5
223.333333333
224.166666667
225.833333333
226.666666667
227.5
226.666666667
222.5
214.166666667
220.0
218.333333333
209.166666667
207.5
205.833333333
210.0
222.5
227.5
231.666666667
236.666666667
237.5
237.5
237.5
237.5
238.333333333
239.166666667
240.833333333
241.666666667
241.666666667
241.666666667
239.166666667
236.666666667
239.166666667
240.833333333
242.5
243.333333333
241.666666667
240.833333333
243.333333333
245.0
246.666666667
248.333333333
249.166666667
250.833333333
252.5
255.0
256.666666667
257.5
259.166666667
260.0
261.666666667
262.5
262.5
263.333333333
263.333333333
262.5
262.5
263.333333333
263.333333333
263.333333333
263.333333333
263.333333333
262.5
261.666666667
261.666666667
261.666666667
261.666666667
260.0
259.166666667
260.0
260.0
259.166666667
256.666666667
255.833333333
254.166666667
253.333333333
252.5
250.833333333
250.0
247.5
243.333333333
210.0
205.833333333
205.0
204.166666667
204.166666667
204.166666667
205.0
205.0
204.166666667
204.166666667
204.166666667
204.166666667
204.166666667
204.166666667
203.333333333
203.333333333
203.333333333
202.5
201.666666667
200.833333333
200.0
200.0
199.166666667
198.333333333
197.5
197.5
197.5
197.5
197.5
197.5
197.5
197.5
196.666666667
196.666666667
196.666666667
195.833333333
195.833333333
195.833333333
195.833333333
195.833333333
195.833333333
196.666666667
196.666666667
197.5
197.5
199.166666667
207.5
200.833333333
206.666666667
224.166666667
235.0
234.166666667
233.333333333
233.333333333
233.333333333
230.833333333
225.833333333
224.166666667
220.833333333
218.333333333
221.666666667
225.0
225.833333333
225.0
226.666666667
228.333333333
230.0
230.833333333
230.833333333
231.666666667
231.666666667
232.5
233.333333333
231.666666667
232.5
232.5
231.666666667
231.666666667
232.5
231.666666667
228.333333333
230.0
206.666666667
210.0
213.333333333
221.666666667
215.0
201.666666667
198.333333333
193.333333333
180.0
175.833333333
175.0
174.166666667
175.833333333
175.833333333
182.5
195.0
191.666666667
181.666666667
183.333333333
183.333333333
179.166666667
181.666666667
183.333333333
183.333333333
185.0
173.333333333
170.0
169.166666667
169.166666667
168.333333333
167.5
168.333333333
170.0
172.5
187.5
206.666666667
201.666666667
198.333333333
200.833333333
200.0
188.333333333
176.666666667
169.166666667
167.5
172.5
173.333333333
184.166666667
178.333333333
163.333333333
162.5
163.333333333
165.833333333
161.666666667
160.0
160.0
160.0
160.0
160.0
162.5
166.666666667
160.833333333
160.0
157.5
156.666666667
155.833333333
155.0
155.0
154.166666667
154.166666667
154.166666667
153.333333333
153.333333333
153.333333333
153.333333333
153.333333333
153.333333333
153.333333333
153.333333333
153.333333333
153.333333333
154.166666667
154.166666667
154.166666667
154.166666667
155.0
155.833333333
156.666666667
156.666666667
157.5
160.0
160.0
160.0
161.666666667
162.5
163.333333333
163.333333333
164.166666667
165.0
165.833333333
165.833333333
166.666666667
167.5
167.5
168.333333333
169.166666667
170.0
170.833333333
170.833333333
171.666666667
171.666666667
172.5
172.5
173.333333333
173.333333333
174.166666667
174.166666667
175.0
175.833333333
176.666666667
177.5
178.333333333
178.333333333
179.166666667
179.166666667
180.0
180.0
180.833333333
180.833333333
180.833333333
181.666666667
182.5
183.333333333
184.166666667
185.0
185.0
185.0
185.0
185.0
184.166666667
185.0
184.166666667
185.0
185.0
185.833333333
185.833333333
185.833333333
186.666666667
186.666666667
186.666666667
186.666666667
186.666666667
187.5
186.666666667
186.666666667
186.666666667
186.666666667
187.5
188.333333333
188.333333333
188.333333333
189.166666667
188.333333333
188.333333333
188.333333333
187.5
187.5
186.666666667
186.666666667
187.5
188.333333333
189.166666667
189.166666667
189.166666667
190.833333333
191.666666667
191.666666667
192.5
193.333333333
193.333333333
193.333333333
192.5
192.5
192.5
193.333333333
194.166666667
195.0
195.833333333
195.833333333
195.833333333
195.0
195.0
195.0
195.0
195.0
195.0
195.0
195.833333333
195.833333333
195.833333333
195.833333333
195.833333333
195.0
194.166666667
194.166666667
195.0
194.166666667
193.333333333
193.333333333
195.0
196.666666667
197.5
199.166666667
200.0
199.166666667
199.166666667
199.166666667
198.333333333
199.166666667
199.166666667
200.0
200.833333333
200.833333333
201.666666667
202.5
203.333333333
203.333333333
203.333333333
203.333333333
203.333333333
203.333333333
203.333333333
203.333333333
204.166666667
204.166666667
204.166666667
204.166666667
204.166666667
204.166666667
205.0
204.166666667
205.833333333
204.166666667
202.5
201.666666667
201.666666667
200.833333333
200.0
199.166666667
198.333333333
197.5
197.5
197.5
197.5
198.333333333
199.166666667
200.0
200.0
200.833333333
200.833333333
201.666666667
203.333333333
204.166666667
204.166666667
205.0
205.833333333
207.5
208.333333333
210.0
210.833333333
211.666666667
213.333333333
213.333333333
213.333333333
213.333333333
214.166666667
214.166666667
214.166666667
215.0
215.833333333
216.666666667
217.5
217.5
217.5
217.5
218.333333333
223.333333333
220.833333333
216.666666667
216.666666667
215.833333333
215.0
214.166666667
213.333333333
213.333333333
213.333333333
211.666666667
210.833333333
210.0
209.166666667
208.333333333
208.333333333
207.5
207.5
208.333333333
208.333333333
209.166666667
209.166666667
209.166666667
209.166666667
210.0
210.0
210.833333333
210.833333333
213.333333333
213.333333333
213.333333333
214.166666667
215.0
215.0
215.0
215.833333333
215.833333333
216.666666667
216.666666667
217.5
217.5
218.333333333
219.166666667
219.166666667
220.0
221.666666667
223.333333333
225.0
225.833333333
227.5
228.333333333
230.833333333
231.666666667
234.166666667
240.0
242.5
240.833333333
242.5
247.5
260.0
280.833333333
297.5
310.0
324.166666667
339.166666667
344.166666667
337.5
296.666666667
270.833333333
277.5
290.0
270.833333333
250.0
246.666666667
245.0
245.0
245.0
245.833333333
245.833333333
246.666666667
248.333333333
252.5
258.333333333
263.333333333
267.5
270.833333333
274.166666667
280.0
293.333333333
289.166666667
278.333333333
311.666666667
341.666666667
349.166666667
314.166666667
270.833333333
262.5
261.666666667
281.666666667
304.166666667
294.166666667
295.0
292.5
294.166666667
318.333333333
318.333333333
304.166666667
314.166666667
300.0
266.666666667
269.166666667
255.833333333
252.5
255.0
253.333333333
250.833333333
255.833333333
280.833333333
271.666666667
257.5
247.5
246.666666667
247.5
251.666666667
250.0
257.5
296.666666667
308.333333333
315.833333333
326.666666667
340.0
339.166666667
350.0
334.166666667
324.166666667
259.166666667
231.666666667
230.0
226.666666667
224.166666667
222.5
225.833333333
218.333333333
215.833333333
215.833333333
214.166666667
213.333333333
213.333333333
211.666666667
209.166666667
206.666666667
205.0
205.0
203.333333333
202.5
202.5
200.833333333
200.833333333
200.0
199.166666667
198.333333333
197.5
197.5
196.666666667
197.5
198.333333333
198.333333333
198.333333333
197.5
196.666666667
195.833333333
195.0
194.166666667
192.5
190.833333333
189.166666667
188.333333333
187.5
185.833333333
184.166666667
184.166666667
183.333333333
183.333333333
183.333333333
182.5
182.5
182.5
181.666666667
180.0
180.0
178.333333333
175.833333333
175.0
174.166666667
172.5
171.666666667
170.0
169.166666667
167.5
165.833333333
165.0
163.333333333
163.333333333
160.833333333
160.0
160.0
157.5
155.0
154.166666667
152.5
150.833333333
150.0
148.333333333
146.666666667
145.0
143.333333333
141.666666667
140.833333333
140.0
139.166666667
138.333333333
137.5
136.666666667
135.833333333
134.166666667
133.333333333
132.5
131.666666667
130.833333333
130.0
129.166666667
128.333333333
127.5
127.5
126.666666667
126.666666667
125.833333333
125.833333333
125.833333333
125.833333333
125.833333333
125.833333333
125.833333333
125.833333333
126.666666667
127.5
128.333333333
130.0
134.166666667
139.166666667
171.666666667
230.833333333
239.166666667
245.833333333
211.666666667
165.833333333
140.833333333
139.166666667
139.166666667
139.166666667
146.666666667
151.666666667
160.0
180.833333333
201.666666667
250.0
200.833333333
173.333333333
184.166666667
162.5
167.5
147.5
145.0
150.0
148.333333333
125.833333333
122.5
120.0
118.333333333
117.5
117.5
116.666666667
116.666666667
116.666666667
115.833333333
115.0
114.166666667
113.333333333
113.333333333
112.5
112.5
112.5
111.666666667
110.833333333
111.666666667
111.666666667
111.666666667
110.833333333
111.666666667
112.5
112.5
111.666666667
111.666666667
112.5
112.5
113.333333333
113.333333333
113.333333333
114.166666667
112.5
113.333333333
113.333333333
113.333333333
114.166666667
114.166666667
115.0
115.0
115.0
115.833333333
115.833333333
116.666666667
116.666666667
116.666666667
117.5
117.5
117.5
117.5
117.5
118.333333333
118.333333333
118.333333333
119.166666667
119.166666667
119.166666667
120.0
120.0
120.833333333
121.666666667
122.5
122.5
122.5
123.333333333
124.166666667
125.0
125.833333333
125.833333333
126.666666667
126.666666667
126.666666667
127.5
128.333333333
128.333333333
129.166666667
130.0
130.833333333
130.833333333
131.666666667
131.666666667
131.666666667
132.5
132.5
133.333333333
134.166666667
134.166666667
135.0
135.833333333
135.833333333
136.666666667
136.666666667
137.5
139.166666667
140.0
140.0
140.833333333
140.833333333
141.666666667
141.666666667
142.5
142.5
143.333333333
144.166666667
144.166666667
145.0
145.833333333
146.666666667
147.5
147.5
148.333333333
149.166666667
150.0
150.833333333
151.666666667
152.5
153.333333333
154.166666667
155.0
155.833333333
156.666666667
157.5
160.0
160.0
160.0
160.833333333
161.666666667
162.5
163.333333333
164.166666667
164.166666667
165.0
165.833333333
166.666666667
167.5
169.166666667
170.0
170.833333333
172.5
173.333333333
173.333333333
174.166666667
175.0
175.0
175.833333333
175.833333333
176.666666667
176.666666667
177.5
177.5
177.5
178.333333333
178.333333333
179.166666667
179.166666667
179.166666667
180.0
180.0
180.833333333
182.5
182.5
183.333333333
183.333333333
183.333333333
184.166666667
184.166666667
185.0
185.0
185.833333333
186.666666667
186.666666667
188.333333333
189.166666667
190.0
190.833333333
192.5
194.166666667
195.0
196.666666667
197.5
199.166666667
200.0
200.833333333
201.666666667
202.5
203.333333333
204.166666667
205.0
206.666666667
208.333333333
209.166666667
210.0
210.833333333
211.666666667
213.333333333
213.333333333
213.333333333
213.333333333
214.166666667
215.833333333
216.666666667
218.333333333
219.166666667
219.166666667
220.0
221.666666667
223.333333333
224.166666667
225.0
225.0
225.833333333
225.833333333
225.833333333
225.0
225.0
225.833333333
226.666666667
228.333333333
229.166666667
230.0
230.833333333
231.666666667
231.666666667
233.333333333
233.333333333
233.333333333
233.333333333
233.333333333
233.333333333
234.166666667
233.333333333
232.5
232.5
233.333333333
233.333333333
234.166666667
235.833333333
237.5
239.166666667
240.833333333
242.5
245.833333333
252.5
262.5
289.166666667
340.0
333.333333333
269.166666667
248.333333333
249.166666667
245.833333333
243.333333333
241.666666667
240.833333333
239.166666667
237.5
235.833333333
235.0
234.166666667
233.333333333
233.333333333
233.333333333
233.333333333
233.333333333
233.333333333
234.166666667
232.5
230.0
229.166666667
229.166666667
230.833333333
232.5
236.666666667
238.333333333
233.333333333
234.166666667
236.666666667
237.5
239.166666667
240.0
241.666666667
243.333333333
244.166666667
245.833333333
247.5
250.0
249.166666667
251.666666667
250.833333333
250.0
251.666666667
251.666666667
251.666666667
252.5
252.5
256.666666667
255.0
256.666666667
257.5
255.833333333
255.0
255.833333333
256.666666667
259.166666667
260.833333333
259.166666667
258.333333333
259.166666667
266.666666667
266.666666667
256.666666667
254.166666667
253.333333333
252.5
252.5
250.833333333
250.0
249.166666667
247.5
245.833333333
245.0
245.0
245.0
245.0
245.0
245.833333333
247.5
249.166666667
249.166666667
248.333333333
247.5
247.5
247.5
248.333333333
248.333333333
248.333333333
248.333333333
249.166666667
250.0
251.666666667
254.166666667
256.666666667
260.833333333
264.166666667
267.5
276.666666667
284.166666667
308.333333333
327.5
316.666666667
293.333333333
294.166666667
285.833333333
291.666666667
302.5
300.833333333
311.666666667
323.333333333
337.5
345.0
362.5
365.833333333
320.0
329.166666667
334.166666667
360.0
402.5
435.833333333
440.833333333
411.666666667
421.666666667
421.666666667
430.833333333
434.166666667
460.0
469.166666667
456.666666667
418.333333333
413.333333333
410.0
404.166666667
419.166666667
406.666666667
403.333333333
389.166666667
355.833333333
352.5
352.5
327.5
321.666666667
324.166666667
330.833333333
331.666666667
336.666666667
325.833333333
323.333333333
311.666666667
300.833333333
295.833333333
298.333333333
320.0
375.833333333
380.833333333
345.833333333
323.333333333
332.5
345.833333333
376.666666667
361.666666667
317.5
303.333333333
298.333333333
308.333333333
320.0
333.333333333
336.666666667
365.833333333
357.5
324.166666667
310.0
327.5
394.166666667
426.666666667
426.666666667
440.0
440.0
438.333333333
436.666666667
435.0
434.166666667
434.166666667
434.166666667
433.333333333
433.333333333
432.5
431.666666667
430.833333333
429.166666667
428.333333333
426.666666667
426.666666667
426.666666667
425.0
424.166666667
423.333333333
423.333333333
420.833333333
420.0
418.333333333
415.833333333
415.0
415.833333333
416.666666667
416.666666667
415.833333333
415.0
414.166666667
413.333333333
415.0
416.666666667
417.5
416.666666667
346.666666667
220.833333333
191.666666667
180.833333333
182.5
175.833333333
172.5
170.833333333
169.166666667
167.5
166.666666667
165.0
163.333333333
161.666666667
161.666666667
160.0
160.0
160.0
156.666666667
155.833333333
155.0
155.0
153.333333333
153.333333333
152.5
151.666666667
151.666666667
150.833333333
150.833333333
150.833333333
150.833333333
150.0
149.166666667
149.166666667
148.333333333
148.333333333
148.333333333
147.5
148.333333333
148.333333333
147.5
148.333333333
148.333333333
147.5
147.5
147.5
147.5
146.666666667
146.666666667
146.666666667
146.666666667
145.833333333
145.833333333
145.833333333
145.833333333
145.833333333
145.833333333
145.833333333
145.833333333
145.0
145.0
145.0
145.0
145.0
145.0
145.0
145.0
145.0
145.0
145.0
144.166666667
144.166666667
145.0
144.166666667
144.166666667
144.166666667
144.166666667
144.166666667
144.166666667
144.166666667
143.333333333
143.333333333
143.333333333
143.333333333
143.333333333
143.333333333
144.166666667
144.166666667
144.166666667
144.166666667
144.166666667
144.166666667
145.0
145.0
144.166666667
144.166666667
144.166666667
144.166666667
144.166666667
144.166666667
144.166666667
144.166666667
144.166666667
143.333333333
143.333333333
143.333333333
143.333333333
145.0
144.166666667
144.166666667
144.166666667
144.166666667
143.333333333
143.333333333
143.333333333
143.333333333
143.333333333
143.333333333
143.333333333
143.333333333
142.5
142.5
143.333333333
143.333333333
142.5
141.666666667
141.666666667
140.833333333
140.0
137.5
136.666666667
138.333333333
138.333333333
138.333333333
139.166666667
139.166666667
138.333333333
56.6666666667
100.0
101.666666667
127.5
118.333333333
123.333333333
121.666666667
122.5
121.666666667
121.666666667
100.0
119.166666667
129.166666667
130.0
130.0
130.0
130.0
130.833333333
130.0
130.833333333
129.166666667
129.166666667
129.166666667
129.166666667
130.833333333
130.833333333
130.833333333
131.666666667
129.166666667
129.166666667
102.5
125.833333333
126.666666667
126.666666667
127.5
127.5
127.5
127.5
128.333333333
128.333333333
129.166666667
128.333333333
129.166666667
129.166666667
129.166666667
129.166666667
129.166666667
128.333333333
129.166666667
129.166666667
129.166666667
130.0
130.0
130.0
130.0
130.0
130.0
130.0
130.833333333
130.833333333
130.833333333
132.5
133.333333333
133.333333333
134.166666667
132.5
132.5
133.333333333
130.833333333
151.666666667
150.833333333
150.833333333
152.5
106.666666667
30.8333333333
83.3333333333
84.1666666667
85.0
84.1666666667
85.0
85.0
85.0
85.8333333333
85.8333333333
85.8333333333
85.8333333333
85.8333333333
85.8333333333
85.8333333333
85.0
85.0
85.0
85.0
85.0
84.1666666667
84.1666666667
84.1666666667
84.1666666667
84.1666666667
84.1666666667
84.1666666667
84.1666666667
83.3333333333
83.3333333333
83.3333333333
82.5
82.5
83.3333333333
82.5
26.6666666667
25.8333333333
25.8333333333
80.8333333333
84.1666666667
84.1666666667
83.3333333333
83.3333333333
83.3333333333
83.3333333333
82.5
82.5
82.5
82.5
82.5
82.5
81.6666666667
35.8333333333
70.0
68.3333333333
67.5
68.3333333333
68.3333333333
69.1666666667
70.0
71.6666666667
70.8333333333
71.6666666667
73.3333333333
72.5
66.6666666667
69.1666666667
68.3333333333
67.5
74.1666666667
74.1666666667
71.6666666667
70.8333333333
70.0
70.8333333333
70.8333333333
70.0
70.8333333333
70.0
62.5
63.3333333333
64.1666666667
64.1666666667
63.3333333333
64.1666666667
65.0
65.8333333333
64.1666666667
65.8333333333
63.3333333333
64.1666666667
65.0
70.0
65.0
76.6666666667
75.8333333333
75.8333333333
73.3333333333
75.0
76.6666666667
70.8333333333
69.1666666667
78.3333333333
73.3333333333
65.8333333333
67.5
69.1666666667
70.0
67.5
69.1666666667
69.1666666667
65.0
70.0
65.0
64.1666666667
65.0
70.0
65.0
64.1666666667
63.3333333333
75.0
75.8333333333
77.5
75.0
75.8333333333
76.6666666667
80.0
79.1666666667
79.1666666667
79.1666666667
77.5
79.1666666667
80.8333333333
76.6666666667
76.6666666667
78.3333333333
79.1666666667
80.8333333333
80.8333333333
81.6666666667
80.8333333333
81.6666666667
81.6666666667
82.5
83.3333333333
84.1666666667
83.3333333333
84.1666666667
85.0
85.0
85.0
85.0
86.6666666667
86.6666666667
86.6666666667
88.3333333333
89.1666666667
89.1666666667
90.0
90.0
90.8333333333
90.0
90.8333333333
91.6666666667
91.6666666667
92.5
93.3333333333
92.5
93.3333333333
93.3333333333
93.3333333333
92.5
93.3333333333
91.6666666667
91.6666666667
89.1666666667
89.1666666667
88.3333333333
95.8333333333
95.8333333333
95.8333333333
95.0
95.8333333333
94.1666666667
94.1666666667
94.1666666667
94.1666666667
85.8333333333
91.6666666667
92.5
94.1666666667
95.0
95.8333333333
95.8333333333
96.6666666667
97.5
97.5
98.3333333333
97.5
100.0
100.833333333
100.833333333
101.666666667
101.666666667
98.3333333333
100.833333333
101.666666667
102.5
102.5
106.666666667
103.333333333
108.333333333
108.333333333
109.166666667
110.0
110.0
110.0
112.5
111.666666667
112.5
113.333333333
115.0
115.833333333
115.833333333
115.0
115.833333333
115.833333333
115.833333333
115.0
114.166666667
116.666666667
117.5
117.5
115.833333333
114.166666667
113.333333333
113.333333333
110.0
120.0
120.0
115.833333333
124.166666667
123.333333333
123.333333333
121.666666667
124.166666667
123.333333333
124.166666667
124.166666667
124.166666667
124.166666667
119.166666667
125.833333333
125.0
125.833333333
125.0
123.333333333
122.5
126.666666667
126.666666667
127.5
128.333333333
129.166666667
130.0
130.833333333
130.0
130.833333333
128.333333333
129.166666667
130.0
135.833333333
135.833333333
